STYLE PANEL, per game. TD and BLK: policy side. BALL: policy side vs bots, both teams vs pool. RISK, POSS, BLITZ: both teams.
ckpt  vs         games  score     TD    BLK   +/-    BALL   RISK   POSS  BLITZ
------------------------------------------------------------------------------
human human      11580          1.10   40.1         1.590   37.5  0.475    n/m
c1    bots        6087  0.553   0.50    5.1   0.5   0.001   74.9  0.358    5.3
c1    pool       10110  0.627   0.99    5.1   0.3   0.003   37.7  0.366    7.7
c2    bots       12225  0.561   0.50    6.0   0.6   0.001   76.2  0.364    5.9
c2    pool       10070  0.710   1.07    5.3   0.4   0.006   39.3  0.353    9.5
c3    bots        6047  0.513   0.46    7.0   0.5   0.000   74.1  0.349    7.1
c3    pool       10030  0.501   0.86    6.7   0.4   0.003   41.2  0.370    8.5
c4    bots        6060  0.544   0.51    6.8   0.5   0.000   76.0  0.366    6.0
c4    pool       10076  0.608   1.00    6.6   0.3   0.003   35.2  0.400    7.6
c5    bots        6033  0.557   0.48    6.2   0.5   0.001   75.2  0.357    6.1
c5    pool       10012  0.602   0.91    6.1   0.4   0.003   42.4  0.375    8.0
c6    bots       12241  0.556   0.51    6.4   0.5   0.001   76.4  0.364    5.6
c6    pool       10055  0.600   0.96    6.3   0.3   0.003   43.2  0.378    7.7
c7    bots       12108  0.557   0.49    6.6   0.6   0.001   72.7  0.361    6.3
c7    pool       10045  0.586   0.89    6.6   0.4   0.003   37.8  0.369    8.2
c8    bots       12143  0.557   0.51    6.1   0.5   0.000   75.4  0.366    5.0
c8    pool       10044  0.613   0.92    5.7   0.4   0.003   41.5  0.384    7.7
c9    bots       18216  0.575   0.53    6.0   0.5   0.001   76.8  0.361    6.0
c9    pool       10046  0.609   0.95    5.9   0.4   0.002   43.3  0.376    8.0
c10   bots       18284  0.568   0.52    5.5   0.5   0.001   76.1  0.362    5.7
c10   pool       10006  0.560   0.95    5.5   0.3   0.003   43.5  0.378    7.4
c11   bots       18322  0.576   0.52    6.1   0.5   0.001   75.3  0.358    5.4
c11   pool       10060  0.599   0.93    6.0   0.3   0.002   43.3  0.375    7.6
c12   bots       12136  0.549   0.52    8.2   0.6   0.000   72.5  0.348    8.2
c12   pool       10017  0.572   0.95    7.8   0.4   0.004   43.8  0.358    9.9
c13   bots       12151  0.554   0.53    6.4   0.6   0.002   76.8  0.360    6.3
c13   pool       10011  0.585   1.00    6.4   0.4   0.003   36.5  0.393    7.6
c14   bots       12181  0.558   0.51    6.3   0.5   0.000   74.8  0.359    5.3
c14   pool       10026  0.573   0.93    6.1   0.3   0.002   42.8  0.377    7.6
c15   bots       12096  0.559   0.52    6.0   0.4   0.000   75.3  0.360    5.6
c15   pool       10046  0.581   1.04    5.7   0.3   0.002   43.2  0.378    7.5
c16   bots       12162  0.565   0.53    5.4   0.5   0.000   75.4  0.360    5.8
c16   pool       10034  0.594   0.95    5.5   0.4   0.002   43.0  0.374    7.9
c17   bots       12213  0.558   0.54    4.8   0.5   0.000   76.7  0.366    4.6
c17   pool       10101  0.586   0.98    4.3   0.4   0.003   43.2  0.384    7.0
c18   bots       12105  0.556   0.53    4.7   0.6   0.000   76.1  0.365    4.4
c18   pool       10015  0.578   0.98    4.4   0.4   0.002   43.3  0.383    7.0
c19   bots       12176  0.547   0.53    5.5   0.5   0.000   75.6  0.359    5.2
c19   pool       10015  0.559   0.99    5.9   0.4   0.002   42.3  0.376    7.4
c20   bots       12119  0.560   0.51    6.0   0.5   0.001   75.7  0.364    5.6
c20   pool       10029  0.578   0.94    5.8   0.3   0.003   42.5  0.380    7.6
c21   bots       12075  0.542   0.52    6.2   0.5   0.001   76.0  0.360    5.5
c21   pool       10063  0.561   1.00    6.2   0.4   0.004   42.7  0.374    7.5
c22   bots       12070  0.553   0.50    5.9   0.5   0.001   85.0  0.353    5.4
c22   pool       10059  0.585   1.00    5.9   0.3   0.003   52.1  0.373    7.5
c23   bots       12220  0.555   0.50    6.2   0.5   0.000   74.2  0.356    5.2
c23   pool       10080  0.588   1.06    6.3   0.3   0.001   38.7  0.397    6.7
c25   bots       12181  0.580   0.55    5.6   0.5   0.001   75.5  0.367    5.4
c25   pool       10030  0.645   1.04    6.2   0.3   0.002   44.2  0.374    7.9
c26   bots       12187  0.575   0.54    6.3   0.6   0.001   75.0  0.369    5.0
c26   pool       10026  0.648   1.00    6.2   0.3   0.002   43.8  0.379    7.9
c27   bots       12167  0.585   0.56    6.3   0.5   0.001   75.0  0.367    6.7
c27   pool       10012  0.700   1.15    6.7   0.4   0.003   43.6  0.374    8.5
c28   bots       12185  0.355   0.27    6.5   0.4   0.000   62.5  0.306    3.6
c28   pool       10037  0.404   0.42    7.3   0.3   0.003   28.1  0.303    6.0
c29   bots       12159  0.563   0.53    6.2   0.5   0.000   76.2  0.363    7.5
c29   pool       10085  0.669   1.11    6.4   0.4   0.002   44.6  0.377    9.3
c30   bots       12239  0.583   0.56    4.6   0.5   0.008   75.4  0.369    4.2
c30   pool       10035  0.700   1.15    5.5   0.3   0.006   42.8  0.378    7.1
c31   bots       12105  0.561   0.51    6.3   0.6   0.001   74.6  0.362    4.9
c31   pool       10052  0.656   1.28    6.7   0.3   0.001   39.3  0.410    7.5
c32   bots       12180  0.567   0.57    4.7   0.5   0.002   76.6  0.366    5.0
c32   pool       10057  0.683   1.19    5.8   0.4   0.003   44.9  0.378    8.3
c33   bots       12119  0.559   0.46    5.5   0.5   0.008   75.5  0.367    2.7
c33   pool       10015  0.717   1.14    5.7   0.3   0.005   40.5  0.382    4.9
c34   bots       12185  0.576   0.55    5.0   0.4   0.002   77.2  0.367    3.9
c34   pool       10013  0.731   1.29    6.1   0.3   0.002   44.1  0.380    6.8
c35   bots       12084  0.572   0.54    5.1   0.4   0.005   75.7  0.366    3.7
c35   pool       10076  0.739   1.28    6.2   0.3   0.004   43.5  0.383    6.6
c36   bots       12135  0.574   0.55    5.9   0.5   0.004   75.4  0.366    4.8
c36   pool       10025  0.671   1.30    6.9   0.4   0.004   44.4  0.386    7.7
c37   bots       12112  0.585   0.56    6.3   0.5   0.004   76.0  0.367    6.0
c37   pool       10067  0.695   1.33    7.1   0.4   0.005   45.0  0.384    8.3
exam-bridge3bots        6058  0.523   0.44    7.1   0.5   0.003   73.6  0.355    7.3
exam-chain2-20260818bots          27  0.259   0.04    6.9   0.7   0.000   81.2  0.267   10.0
exam-s42bot1bots        6097  0.201   0.05    8.9   0.3   0.007   69.7  0.309   12.1
exam-s42kickbots        6065  0.179   0.02    8.0   0.3   0.007   69.0  0.314   10.0

detail by opponent (pooled over seeds and sides). TD/BLK are policy side, oTD/oBLK the opponent's; every other column is both teams.
ckpt  vs        games    TD   oTD   BLK  oBLK  decl blitz   pass   hoff dodge  rush  pick pk_ok  poss kdInf kdOwn   2d+  stall   len
c1    contact    4054  0.47  0.42   4.5  12.9  26.7   6.1  0.002  0.000  17.8  68.6   6.3   3.5 0.328   8.9  14.8  0.82  0.003   838
c1    offense    2033  0.56  0.35   6.3  17.0  32.2   3.5  0.001  0.000  12.8  39.2   2.3   1.4 0.418  11.7  10.8  0.82  0.003  1121
c1    pool      10110  0.99  0.56   5.1   8.5  25.2   7.7  0.003  0.000  13.9  23.7   4.5   2.6 0.366   6.5   7.2  0.80  0.014   622
c2    contact    8163  0.47  0.41   5.1  10.6  25.4   6.7  0.001  0.000  18.1  68.8   6.4   3.4 0.334   7.7  15.1  0.79  0.006   836
c2    offense    4062  0.58  0.34   7.6  15.1  33.3   4.3  0.001  0.000  12.9  41.7   2.3   1.4 0.425  11.2  11.5  0.80  0.012  1121
c2    pool      10070  1.07  0.33   5.3  10.3  28.9   9.5  0.005  0.000  12.9  26.4   4.2   2.3 0.353   7.7   7.9  0.81  0.024   684
c3    contact    4044  0.43  0.49   6.3  12.3  32.5   7.6  0.000  0.000  17.9  66.2   6.2   3.3 0.319   9.2  15.4  0.83  0.004   890
c3    offense    2003  0.52  0.42   8.5  17.0  40.6   6.1  0.000  0.000  13.2  40.9   2.3   1.4 0.409  12.7  12.0  0.83  0.011  1154
c3    pool      10030  0.86  0.86   6.7   8.8  30.2   8.5  0.002  0.000  12.4  28.9   4.4   2.4 0.370   7.3   8.4  0.82  0.026   707
c4    contact    4054  0.47  0.48   5.8  10.2  26.0   6.7  0.000  0.000  17.8  69.0   6.5   3.5 0.337   7.8  15.2  0.80  0.003   850
c4    offense    2006  0.58  0.35   8.9  15.0  36.5   4.6  0.001  0.000  13.7  40.5   2.4   1.4 0.425  11.6  12.0  0.82  0.002  1137
c4    pool      10076  1.00  0.65   6.6   8.9  27.9   7.6  0.003  0.000  12.7  22.5   4.1   2.3 0.400   7.3   7.6  0.81  0.023   702
c5    contact    4019  0.45  0.39   5.4  12.0  27.8   6.7  0.001  0.000  18.7  67.3   6.3   3.4 0.327   8.6  15.3  0.81  0.004   873
c5    offense    2014  0.54  0.32   7.6  16.4  34.9   4.8  0.003  0.000  13.5  40.0   2.3   1.4 0.416  11.9  11.7  0.81  0.009  1137
c5    pool      10012  0.91  0.55   6.1   8.8  27.5   8.0  0.002  0.000  14.5  27.9   4.6   2.6 0.375   7.0   8.5  0.81  0.015   695
c6    contact    8200  0.48  0.43   5.5  10.2  24.9   6.3  0.001  0.000  18.1  69.5   6.4   3.5 0.334   7.7  15.2  0.80  0.003   840
c6    offense    4041  0.57  0.33   8.2  14.7  33.4   4.2  0.001  0.000  12.9  41.0   2.3   1.4 0.426  11.3  11.7  0.81  0.008  1118
c6    pool      10055  0.96  0.62   6.3   8.4  26.3   7.7  0.003  0.000  14.0  29.2   4.8   2.7 0.378   6.9   8.6  0.81  0.024   674
c7    contact    8050  0.47  0.41   5.8  10.5  29.0   7.1  0.001  0.000  17.4  65.3   6.0   3.3 0.334   8.0  15.0  0.80  0.006   908
c7    offense    4058  0.52  0.33   8.0  15.0  36.8   4.7  0.001  0.000  12.9  39.9   2.1   1.3 0.416  11.3  11.6  0.80  0.003  1183
c7    pool      10045  0.89  0.59   6.6   8.6  29.2   8.2  0.003  0.000  12.6  25.2   4.3   2.4 0.369   7.1   8.1  0.80  0.022   718
c8    contact    8114  0.48  0.42   5.2  10.5  24.8   5.8  0.000  0.000  18.3  68.3   6.3   3.4 0.335   7.7  15.1  0.80  0.003   838
c8    offense    4029  0.55  0.36   7.8  15.4  33.3   3.5  0.000  0.000  13.2  39.7   2.2   1.3 0.428  11.5  11.5  0.81  0.004  1110
c8    pool      10044  0.92  0.57   5.7   8.5  26.4   7.7  0.003  0.000  13.7  27.9   4.7   2.6 0.384   6.7   8.4  0.80  0.019   669
c9    contact   12152  0.51  0.39   5.0  10.8  25.8   6.6  0.001  0.000  18.6  69.5   6.4   3.4 0.330   7.8  15.2  0.80  0.003   851
c9    offense    6064  0.58  0.34   7.9  15.7  35.1   4.7  0.000  0.000  13.3  40.9   2.3   1.4 0.423  11.7  11.7  0.80  0.006  1133
c9    pool      10046  0.95  0.59   5.9   8.5  26.6   8.0  0.002  0.000  14.1  29.3   4.8   2.7 0.376   6.8   8.5  0.81  0.018   680
c10   contact   12250  0.49  0.40   4.7  10.2  23.9   6.3  0.001  0.000  18.0  69.6   6.4   3.4 0.333   7.4  15.0  0.80  0.002   840
c10   offense    6034  0.58  0.35   7.2  15.0  32.6   4.4  0.001  0.000  13.4  39.5   2.3   1.4 0.422  11.0  11.4  0.82  0.003  1120
c10   pool      10006  0.95  0.73   5.5   7.7  23.9   7.4  0.003  0.000  14.0  29.5   4.8   2.7 0.378   6.3   8.3  0.82  0.028   652
c11   contact   12258  0.49  0.39   5.1  11.2  26.1   6.2  0.001  0.000  18.5  67.8   6.4   3.4 0.327   8.1  15.1  0.80  0.003   864
c11   offense    6064  0.58  0.30   8.0  16.5  35.8   4.0  0.001  0.000  13.4  39.6   2.2   1.3 0.422  12.2  11.7  0.81  0.003  1135
c11   pool      10060  0.93  0.61   6.0   8.2  25.7   7.6  0.002  0.000  14.6  28.8   4.8   2.7 0.375   6.7   8.5  0.81  0.022   668
c12   contact    8109  0.49  0.42   7.3  13.6  35.1   8.7  0.000  0.000  17.9  65.2   6.6   3.6 0.321  10.3  15.6  0.83  0.004   912
c12   offense    4027  0.56  0.40   9.9  18.0  43.6   7.3  0.000  0.000  13.2  38.0   2.6   1.6 0.402  13.7  12.2  0.82  0.003  1192
c12   pool      10017  0.95  0.70   7.8   9.0  32.3   9.9  0.003  0.001  14.1  29.7   5.0   2.8 0.358   7.9   9.0  0.80  0.024   732
c13   contact    8132  0.52  0.46   5.3  11.1  27.2   6.9  0.002  0.000  18.4  69.0   6.3   3.4 0.332   8.1  15.2  0.80  0.003   871
c13   offense    4019  0.57  0.39   8.8  16.6  38.4   5.2  0.002  0.000  14.3  41.0   2.5   1.5 0.416  12.4  12.2  0.81  0.004  1167
c13   pool      10011  1.00  0.72   6.4   8.6  27.2   7.6  0.003  0.000  13.3  23.2   4.1   2.4 0.393   7.1   7.7  0.81  0.027   693
c14   contact    8155  0.47  0.41   5.4  11.1  25.8   6.1  0.000  0.000  18.7  66.8   6.4   3.4 0.328   8.2  15.3  0.81  0.003   843
c14   offense    4026  0.58  0.34   8.1  15.9  33.8   3.8  0.000  0.000  13.9  39.1   2.3   1.4 0.422  11.9  11.8  0.81  0.003  1103
c14   pool      10026  0.93  0.68   6.1   8.0  25.3   7.6  0.002  0.000  14.5  28.3   4.8   2.7 0.377   6.7   8.5  0.81  0.020   657
c15   contact    8064  0.48  0.42   5.1  11.0  26.0   6.3  0.000  0.000  18.3  68.1   6.5   3.6 0.331   7.9  15.2  0.81  0.003   857
c15   offense    4032  0.59  0.37   7.7  14.9  33.5   4.3  0.000  0.000  13.4  39.8   2.4   1.4 0.417  11.1  11.5  0.82  0.005  1129
c15   pool      10046  1.04  0.75   5.7   8.3  25.3   7.5  0.001  0.000  14.2  29.0   4.9   2.8 0.378   6.6   8.5  0.82  0.021   674
c16   contact    8100  0.52  0.43   4.5  10.8  24.3   6.4  0.000  0.000  18.3  68.9   6.3   3.4 0.330   7.6  14.9  0.80  0.004   822
c16   offense    4062  0.57  0.36   7.2  16.0  33.3   4.6  0.000  0.000  13.3  38.8   2.3   1.4 0.420  11.5  11.2  0.80  0.002  1091
c16   pool      10034  0.95  0.63   5.5   8.6  25.7   7.9  0.002  0.000  13.9  29.1   4.8   2.7 0.374   6.7   8.4  0.80  0.021   662
c17   contact    8185  0.51  0.45   3.9  10.7  21.2   5.3  0.000  0.000  17.9  70.3   6.3   3.5 0.335   7.3  14.8  0.78  0.002   817
c17   offense    4028  0.60  0.40   6.7  15.2  28.9   3.0  0.000  0.000  13.4  39.9   2.3   1.4 0.428  10.9  11.1  0.80  0.004  1089
c17   pool      10101  0.98  0.69   4.3   8.1  21.9   7.0  0.003  0.000  13.9  29.2   4.7   2.6 0.384   5.9   7.9  0.79  0.021   634
c18   contact    8041  0.51  0.44   4.0  10.8  21.4   5.1  0.000  0.000  18.3  69.5   6.3   3.4 0.334   7.3  14.6  0.78  0.003   804
c18   offense    4064  0.56  0.39   6.2  15.5  28.6   3.0  0.000  0.000  13.5  39.4   2.3   1.4 0.428  10.8  11.0  0.80  0.001  1067
c18   pool      10015  0.98  0.70   4.4   7.9  22.0   7.0  0.002  0.000  13.9  29.4   4.7   2.6 0.383   5.9   7.9  0.78  0.027   633
c19   contact    8114  0.51  0.47   4.7   9.7  23.0   5.9  0.000  0.000  18.2  69.0   6.5   3.5 0.330   7.2  14.9  0.80  0.003   812
c19   offense    4062  0.58  0.39   7.1  13.9  30.4   3.8  0.000  0.000  13.4  39.2   2.4   1.4 0.417  10.5  11.3  0.81  0.004  1086
c19   pool      10015  0.99  0.77   5.9   7.8  24.3   7.4  0.002  0.000  13.3  28.9   4.8   2.7 0.376   6.5   8.2  0.81  0.025   645
c20   contact    8081  0.48  0.41   5.1  10.3  24.6   6.3  0.001  0.000  18.3  68.4   6.5   3.5 0.334   7.6  15.2  0.79  0.004   840
c20   offense    4038  0.56  0.34   7.7  14.9  33.2   4.2  0.001  0.000  13.0  40.6   2.3   1.3 0.424  11.1  11.5  0.81  0.002  1126
c20   pool      10029  0.94  0.68   5.8   7.8  24.8   7.6  0.003  0.000  13.8  28.7   4.8   2.7 0.380   6.5   8.2  0.81  0.022   656
c21   contact    8023  0.50  0.46   5.4  10.0  24.8   6.2  0.000  0.000  18.0  69.6   6.6   3.6 0.332   7.5  15.1  0.80  0.005   835
c21   offense    4052  0.56  0.42   7.8  14.0  32.5   4.2  0.001  0.000  13.0  40.1   2.5   1.5 0.415  10.7  11.3  0.81  0.004  1128
c21   pool      10063  1.00  0.77   6.2   7.8  25.8   7.5  0.004  0.000  13.1  29.5   4.9   2.8 0.374   6.6   8.3  0.81  0.025   666
c22   contact    8052  0.48  0.43   4.9  11.4  25.3   6.0  0.001  0.000  19.6  78.1   6.5   3.5 0.323   8.1  16.2  0.81  0.004   865
c22   offense    4018  0.55  0.35   8.0  16.6  35.2   4.3  0.001  0.000  14.5  45.1   2.5   1.4 0.413  12.2  12.3  0.82  0.004  1132
c22   pool      10059  1.00  0.70   5.9   8.1  25.3   7.5  0.002  0.000  15.7  36.4   5.1   2.8 0.373   6.7   9.3  0.81  0.021   680
c23   contact    8172  0.47  0.43   5.2  11.1  25.6   5.9  0.001  0.000  17.9  67.3   6.5   3.5 0.327   8.1  15.0  0.81  0.002   841
c23   offense    4048  0.56  0.34   8.1  16.5  35.8   3.9  0.000  0.000  13.5  38.6   2.3   1.4 0.415  12.2  11.7  0.82  0.006  1128
c23   pool      10080  1.06  0.77   6.3   6.9  24.2   6.7  0.001  0.000  13.6  25.1   4.8   2.7 0.397   6.1   7.8  0.82  0.021   622
c25   contact    8119  0.54  0.42   4.6  11.4  25.0   6.3  0.001  0.000  18.8  68.5   6.5   3.6 0.338   7.9  15.1  0.80  0.002   838
c25   offense    4062  0.59  0.32   7.8  17.0  35.1   3.7  0.001  0.000  13.6  38.2   2.3   1.4 0.426  12.3  11.6  0.81  0.004  1128
c25   pool      10030  1.04  0.53   6.2   8.2  26.2   7.9  0.002  0.001  15.9  28.3   5.0   2.8 0.374   6.8   8.7  0.81  0.022   669
c26   contact    8117  0.52  0.41   5.1  11.7  26.5   6.2  0.001  0.000  18.8  67.1   6.6   3.6 0.339   8.3  15.1  0.79  0.003   865
c26   offense    4070  0.57  0.32   8.5  17.7  36.8   2.7  0.001  0.000  13.5  39.9   2.3   1.4 0.428  13.0  12.0  0.79  0.004  1160
c26   pool      10026  1.00  0.49   6.2   8.5  27.1   7.9  0.002  0.000  15.6  28.2   4.9   2.8 0.379   6.9   8.7  0.81  0.020   689
c27   contact    8107  0.57  0.39   5.2  11.3  27.4   7.5  0.001  0.000  19.3  67.2   6.6   3.6 0.337   8.2  15.3  0.79  0.004   853
c27   offense    4060  0.55  0.32   8.6  16.3  37.2   5.1  0.001  0.000  13.7  38.3   2.4   1.4 0.426  12.4  11.9  0.80  0.004  1150
c27   pool      10012  1.15  0.44   6.7   8.5  28.5   8.5  0.002  0.001  15.7  27.9   4.9   2.8 0.374   7.2   8.9  0.81  0.020   695
c28   contact    8149  0.26  0.88   5.3  12.3  29.5   4.2  0.000  0.000  14.1  58.4   5.2   2.8 0.281   8.8  13.6  0.86  0.003   919
c28   offense    4036  0.28  0.53   8.9  18.0  41.2   2.3  0.000  0.000  14.1  28.1   1.7   1.0 0.357  13.3  11.9  0.84  0.002  1116
c28   pool      10037  0.42  0.73   7.3   7.3  29.0   6.0  0.002  0.000  10.4  17.7   2.9   1.5 0.303   6.8   7.2  0.84  0.025   642
c29   contact    8148  0.52  0.43   5.2  11.9  29.4   8.2  0.000  0.000  18.5  69.1   6.4   3.5 0.334   8.4  15.1  0.79  0.002   896
c29   offense    4011  0.56  0.35   8.2  17.5  39.9   6.1  0.000  0.000  13.3  39.9   2.3   1.4 0.422  12.8  11.7  0.79  0.003  1199
c29   pool      10085  1.11  0.54   6.4   8.8  29.2   9.3  0.002  0.000  15.1  29.5   4.9   2.7 0.377   7.2   8.8  0.80  0.022   723
c30   contact    8173  0.55  0.39   4.1  10.6  22.1   5.3  0.010  0.001  18.4  69.2   6.5   3.6 0.341   7.3  14.9  0.77  0.004   843
c30   offense    4066  0.59  0.34   5.8  15.3  28.2   1.9  0.003  0.000  12.3  38.4   2.4   1.4 0.428  10.7  10.8  0.80  0.003  1148
c30   pool      10035  1.15  0.46   5.5   8.1  23.4   7.1  0.006  0.001  14.7  28.1   5.0   2.8 0.378   6.5   8.3  0.80  0.022   676
c31   contact    8085  0.50  0.40   5.3  13.0  27.9   6.0  0.001  0.000  19.6  66.0   6.6   3.6 0.332   9.1  15.3  0.81  0.001   855
c31   offense    4020  0.54  0.34   8.4  18.5  37.5   2.8  0.001  0.000  14.2  38.1   2.4   1.4 0.425  13.4  12.0  0.81  0.003  1147
c31   pool      10052  1.28  0.75   6.7   7.4  25.9   7.5  0.001  0.000  14.6  24.8   5.1   2.9 0.410   6.5   8.1  0.80  0.019   650
c32   contact    8118  0.57  0.45   4.1  10.5  21.9   6.0  0.002  0.000  20.0  68.9   6.7   3.7 0.334   7.3  15.1  0.77  0.006   810
c32   offense    4062  0.57  0.37   5.9  15.0  27.7   2.9  0.001  0.000  13.2  38.9   2.4   1.4 0.429  10.5  10.9  0.79  0.003  1101
c32   pool      10057  1.19  0.56   5.8   8.2  25.0   8.3  0.003  0.000  15.6  29.3   5.0   2.8 0.378   6.7   8.7  0.80  0.028   673
c33   contact    8083  0.45  0.37   4.5  11.1  22.6   3.8  0.006  0.002  18.4  68.4   6.7   3.8 0.341   7.8  15.2  0.76  0.006   860
c33   offense    4036  0.49  0.27   7.5  14.7  28.8   0.6  0.008  0.001  12.9  40.0   2.5   1.5 0.419  11.0  11.6  0.77  0.002  1220
c33   pool      10015  1.14  0.38   5.7   7.7  22.7   4.9  0.003  0.001  14.2  26.3   4.8   2.8 0.382   6.4   8.1  0.79  0.019   653
c34   contact    8136  0.54  0.40   4.7  10.4  22.5   5.0  0.002  0.000  19.3  71.4   6.8   3.9 0.341   7.4  15.5  0.78  0.002   854
c34   offense    4049  0.56  0.34   5.7  13.9  26.4   1.8  0.001  0.000  12.7  37.4   2.6   1.6 0.419   9.9  10.5  0.80  0.008  1151
c34   pool      10013  1.29  0.45   6.1   8.3  24.8   6.8  0.001  0.001  14.9  29.1   5.2   3.0 0.380   6.8   8.8  0.80  0.017   703
c35   contact    8063  0.52  0.39   4.7  10.1  22.1   4.9  0.007  0.000  19.0  69.5   6.7   3.8 0.336   7.3  15.3  0.77  0.003   837
c35   offense    4021  0.56  0.34   6.1  13.6  26.4   1.5  0.002  0.000  12.2  38.1   2.4   1.5 0.426   9.9  10.8  0.80  0.010  1138
c35   pool      10076  1.28  0.44   6.2   8.1  24.6   6.6  0.004  0.000  14.5  29.0   5.0   2.9 0.383   6.8   8.7  0.80  0.020   693
c36   contact    8119  0.54  0.40   5.4   9.9  23.0   5.7  0.004  0.001  17.9  70.2   6.8   3.8 0.340   7.5  15.2  0.78  0.003   848
c36   offense    4016  0.56  0.35   7.0  13.8  28.2   3.0  0.002  0.000  12.9  37.0   2.5   1.5 0.419  10.3  10.9  0.80  0.005  1137
c36   pool      10025  1.30  0.67   6.9   8.0  25.5   7.7  0.003  0.001  15.3  29.1   5.3   3.0 0.386   7.1   9.0  0.79  0.022   720
c37   contact    8063  0.56  0.39   5.6  10.3  24.9   6.8  0.003  0.001  19.3  69.5   6.9   3.8 0.340   7.8  15.6  0.77  0.002   864
c37   offense    4049  0.57  0.33   7.7  14.3  30.7   4.3  0.002  0.000  12.7  37.7   2.6   1.5 0.421  10.9  11.1  0.79  0.008  1164
c37   pool      10067  1.33  0.60   7.1   8.1  26.0   8.3  0.004  0.002  16.0  29.0   5.5   3.2 0.384   7.2   9.2  0.79  0.020   717
exam-bridge3contact    4046  0.41  0.45   6.3  10.8  29.2   8.0  0.002  0.000  17.2  66.7   6.3   3.4 0.329   8.4  15.3  0.80  0.003   905
exam-bridge3offense    2012  0.51  0.35   8.6  14.7  35.6   5.9  0.003  0.000  13.1  39.9   2.2   1.4 0.408  11.4  11.7  0.80  0.006  1179
exam-chain2-20260818contact      27  0.04  0.85   6.9   7.5  24.0  10.0  0.000  0.000  11.6  69.7   5.6   2.9 0.267   7.9  12.3  0.79  0.000   765
exam-s42bot1contact    4092  0.05  1.22   8.6   5.7  25.7  12.2  0.009  0.001  12.8  67.7   5.7   3.3 0.292   7.7  13.0  0.86  0.003   834
exam-s42bot1offense    2005  0.06  0.65   9.3   7.6  29.2  11.7  0.002  0.000  13.1  34.4   2.2   1.4 0.344   9.0   9.6  0.81  0.000  1125
exam-s42kickcontact    4060  0.02  1.29   8.0   6.0  23.3  10.4  0.007  0.000  11.5  68.1   5.5   3.3 0.300   7.6  13.1  0.85  0.002   800
exam-s42kickoffense    2005  0.03  0.68   8.0   7.6  24.8   9.4  0.006  0.000  12.2  35.1   2.2   1.4 0.344   8.3   9.4  0.84  0.002  1065
